
Descriptive statistics
=========================================================================================================
Statistic          N        Mean       St. Dev.   Min   Pctl(25)     Median      Pctl(75)        Max     
---------------------------------------------------------------------------------------------------------
Ingreso total    16,397 1,778,855.00 2,685,261.00 0.00 800,000.00 1,059,878.00 1,736,544.00 85,833,333.00
Edad             16,397    39.63        13.39      19      28          38           50           94      
Horas trabajadas 16,397    47.44        15.62      1       40          48           50           130     
p6426            16,397    64.24        89.72      0       7           24           84           720     
---------------------------------------------------------------------------------------------------------
